// Initial exemple
3 3 0.54 0.26 0.20 0.19 0.53 0.28 0.22 0.18 0.6
3 4 0.5 0.2 0.11 0.19 0.22 0.28 0.23 0.27 0.19 0.21 0.15 0.45
1 3 0.3 0.2 0.5
1000 0 3 3 2 1 0 2 3 0 0 2 3 0 0 2 3 0 0 0 0 1 2 2 3 1 3 0 2 3 1 2 3 1 3 3 1 2 0 3 1 2 2 2 1 1 1 0 2 0 3 2 3 2 1 1 2 3 1 2 1 2 1 2 1 1 3 3 1 1 2 3 0 0 1 1 2 3 1 1 0 1 1 1 1 1 3 3 1 1 3 0 0 3 1 3 1 3 3 2 1 3 3 2 3 3 3 1 1 1 1 2 1 3 3 3 0 1 0 0 3 3 2 2 3 3 3 2 1 0 0 3 3 1 0 2 2 2 0 0 2 3 1 1 1 2 2 3 3 1 1 0 0 1 2 0 0 2 0 1 1 0 0 0 0 3 3 1 2 0 0 2 3 2 2 0 1 1 3 1 1 0 3 3 0 3 3 3 2 3 2 3 1 2 1 2 0 0 0 0 3 0 3 3 3 3 1 1 3 2 1 2 0 3 3 3 3 3 3 0 0 2 3 2 1 1 1 3 2 2 2 1 2 1 1 2 3 1 2 3 1 1 1 3 3 2 2 2 1 0 2 2 1 0 3 2 2 3 1 0 1 2 2 2 0 3 1 2 0 3 0 0 3 1 2 2 3 1 1 0 2 2 1 3 2 3 1 0 0 0 2 1 3 3 0 1 0 3 0 2 0 0 3 2 3 3 3 2 3 2 3 1 3 3 0 1 0 2 2 1 2 3 3 1 3 2 3 3 3 1 2 1 3 0 1 2 0 1 3 3 3 3 2 1 1 1 1 3 3 1 1 3 3 2 0 1 0 0 0 0 0 1 0 0 0 1 0 0 0 0 2 0 2 0 3 1 3 1 3 2 0 0 0 0 0 1 2 3 0 1 1 0 2 3 2 1 0 2 1 2 2 2 1 1 2 2 1 3 3 3 3 1 3 1 0 2 1 2 1 3 1 1 3 0 0 1 0 1 3 3 2 2 1 2 3 2 1 2 1 1 1 0 0 0 2 2 2 1 3 3 1 1 2 2 1 1 2 3 1 2 1 0 0 3 2 1 3 2 2 3 0 0 3 3 0 3 0 0 1 0 0 2 3 1 0 0 0 1 2 2 3 2 3 1 0 2 2 3 3 1 1 2 1 1 1 3 2 2 3 2 0 3 3 0 0 0 0 0 0 0 0 2 2 3 3 3 2 3 2 1 3 0 2 1 2 0 0 0 2 3 2 2 2 1 3 3 2 1 2 0 0 3 2 1 2 3 1 0 1 3 3 3 2 2 0 0 0 2 2 3 1 1 3 0 0 3 0 0 3 0 1 3 0 3 0 0 0 0 0 0 0 0 3 2 3 1 2 3 0 3 3 2 0 3 2 1 1 0 1 0 0 0 0 2 3 3 3 1 1 3 1 2 3 0 3 3 3 0 0 1 1 0 3 2 2 3 1 1 3 1 1 3 2 0 2 0 0 2 0 0 0 1 0 1 1 0 0 0 0 0 2 2 3 3 1 3 3 3 1 0 2 3 3 3 0 1 1 1 1 0 0 3 3 3 2 3 2 3 3 2 3 3 3 3 3 2 2 1 3 1 0 1 1 1 0 3 1 0 0 3 3 2 2 2 3 3 1 1 1 2 1 3 2 1 1 2 3 2 2 1 2 2 1 1 2 1 0 0 1 2 1 2 1 1 2 0 0 3 2 3 2 1 1 3 2 3 3 3 0 2 0 3 3 1 1 1 2 2 0 0 0 0 0 1 1 1 3 2 3 2 0 0 3 2 3 1 2 0 3 2 1 2 1 0 1 1 1 2 2 2 2 2 3 3 2 3 2 1 3 3 2 2 2 1 0 1 3 2 1 0 3 2 2 1 1 3 3 3 3 1 0 3 3 3 2 3 3 2 3 0 1 0 1 2 2 1 2 1 2 3 3 3 0 1 2 2 3 1 1 0 3 2 2 1 1 0 0 1 0 0 0 1 1 0 0 0 0 2 0 0 0 3 3 0 0 3 1 2 2 1 0 0 2 2 3 0 3 0 3 2 2 3 3 2 0 2 3 0 0 3 1 0 0 1 2 0 0 3 3 1 1 3 2 3 1 3 3 1 3 3 3 2 3 1 0 1 3 2 1 2 3 3 0 2 0 0 1 0 3 2 0 2 3 1 3 1 1 2 1 1 2 2 1 1 3 2 2 0 0 1 1 0 0 0 2 2 0 0 3 2 2 1 2 3 3 0 0 2 0 0 0 3 3 3 2 0 1 0 1 1 3 


// Exemple with 4 states
4 4 0.44 0.26 0.20 0.10 0.19 0.43 0.20 0.18 0.22 0.18 0.54 0.06 0.22 0.18 0.54 0.06
4 4 0.5 0.2 0.11 0.19 0.22 0.28 0.23 0.27 0.19 0.21 0.15 0.45 0.2 0.3 0.25 0.25
1 4 0.3 0.1 0.4 0.2
1000 0 3 3 2 1 0 2 3 0 0 2 3 0 0 2 3 0 0 0 0 1 2 2 3 1 3 0 2 3 1 2 3 1 3 3 1 2 0 3 1 2 2 2 1 1 1 0 2 0 3 2 3 2 1 1 2 3 1 2 1 2 1 2 1 1 3 3 1 1 2 3 0 0 1 1 2 3 1 1 0 1 1 1 1 1 3 3 1 1 3 0 0 3 1 3 1 3 3 2 1 3 3 2 3 3 3 1 1 1 1 2 1 3 3 3 0 1 0 0 3 3 2 2 3 3 3 2 1 0 0 3 3 1 0 2 2 2 0 0 2 3 1 1 1 2 2 3 3 1 1 0 0 1 2 0 0 2 0 1 1 0 0 0 0 3 3 1 2 0 0 2 3 2 2 0 1 1 3 1 1 0 3 3 0 3 3 3 2 3 2 3 1 2 1 2 0 0 0 0 3 0 3 3 3 3 1 1 3 2 1 2 0 3 3 3 3 3 3 0 0 2 3 2 1 1 1 3 2 2 2 1 2 1 1 2 3 1 2 3 1 1 1 3 3 2 2 2 1 0 2 2 1 0 3 2 2 3 1 0 1 2 2 2 0 3 1 2 0 3 0 0 3 1 2 2 3 1 1 0 2 2 1 3 2 3 1 0 0 0 2 1 3 3 0 1 0 3 0 2 0 0 3 2 3 3 3 2 3 2 3 1 3 3 0 1 0 2 2 1 2 3 3 1 3 2 3 3 3 1 2 1 3 0 1 2 0 1 3 3 3 3 2 1 1 1 1 3 3 1 1 3 3 2 0 1 0 0 0 0 0 1 0 0 0 1 0 0 0 0 2 0 2 0 3 1 3 1 3 2 0 0 0 0 0 1 2 3 0 1 1 0 2 3 2 1 0 2 1 2 2 2 1 1 2 2 1 3 3 3 3 1 3 1 0 2 1 2 1 3 1 1 3 0 0 1 0 1 3 3 2 2 1 2 3 2 1 2 1 1 1 0 0 0 2 2 2 1 3 3 1 1 2 2 1 1 2 3 1 2 1 0 0 3 2 1 3 2 2 3 0 0 3 3 0 3 0 0 1 0 0 2 3 1 0 0 0 1 2 2 3 2 3 1 0 2 2 3 3 1 1 2 1 1 1 3 2 2 3 2 0 3 3 0 0 0 0 0 0 0 0 2 2 3 3 3 2 3 2 1 3 0 2 1 2 0 0 0 2 3 2 2 2 1 3 3 2 1 2 0 0 3 2 1 2 3 1 0 1 3 3 3 2 2 0 0 0 2 2 3 1 1 3 0 0 3 0 0 3 0 1 3 0 3 0 0 0 0 0 0 0 0 3 2 3 1 2 3 0 3 3 2 0 3 2 1 1 0 1 0 0 0 0 2 3 3 3 1 1 3 1 2 3 0 3 3 3 0 0 1 1 0 3 2 2 3 1 1 3 1 1 3 2 0 2 0 0 2 0 0 0 1 0 1 1 0 0 0 0 0 2 2 3 3 1 3 3 3 1 0 2 3 3 3 0 1 1 1 1 0 0 3 3 3 2 3 2 3 3 2 3 3 3 3 3 2 2 1 3 1 0 1 1 1 0 3 1 0 0 3 3 2 2 2 3 3 1 1 1 2 1 3 2 1 1 2 3 2 2 1 2 2 1 1 2 1 0 0 1 2 1 2 1 1 2 0 0 3 2 3 2 1 1 3 2 3 3 3 0 2 0 3 3 1 1 1 2 2 0 0 0 0 0 1 1 1 3 2 3 2 0 0 3 2 3 1 2 0 3 2 1 2 1 0 1 1 1 2 2 2 2 2 3 3 2 3 2 1 3 3 2 2 2 1 0 1 3 2 1 0 3 2 2 1 1 3 3 3 3 1 0 3 3 3 2 3 3 2 3 0 1 0 1 2 2 1 2 1 2 3 3 3 0 1 2 2 3 1 1 0 3 2 2 1 1 0 0 1 0 0 0 1 1 0 0 0 0 2 0 0 0 3 3 0 0 3 1 2 2 1 0 0 2 2 3 0 3 0 3 2 2 3 3 2 0 2 3 0 0 3 1 0 0 1 2 0 0 3 3 1 1 3 2 3 1 3 3 1 3 3 3 2 3 1 0 1 3 2 1 2 3 3 0 2 0 0 1 0 3 2 0 2 3 1 3 1 1 2 1 1 2 2 1 1 3 2 2 0 0 1 1 0 0 0 2 2 0 0 3 2 2 1 2 3 3 0 0 2 0 0 0 3 3 3 2 0 1 0 1 1 3 

// Example with 2 states
2 2 0.54 0.46 0.72 0.28
2 4 0.5 0.2 0.11 0.19 0.22 0.28 0.23 0.27
1 2 0.3 0.7
1000 0 3 3 2 1 0 2 3 0 0 2 3 0 0 2 3 0 0 0 0 1 2 2 3 1 3 0 2 3 1 2 3 1 3 3 1 2 0 3 1 2 2 2 1 1 1 0 2 0 3 2 3 2 1 1 2 3 1 2 1 2 1 2 1 1 3 3 1 1 2 3 0 0 1 1 2 3 1 1 0 1 1 1 1 1 3 3 1 1 3 0 0 3 1 3 1 3 3 2 1 3 3 2 3 3 3 1 1 1 1 2 1 3 3 3 0 1 0 0 3 3 2 2 3 3 3 2 1 0 0 3 3 1 0 2 2 2 0 0 2 3 1 1 1 2 2 3 3 1 1 0 0 1 2 0 0 2 0 1 1 0 0 0 0 3 3 1 2 0 0 2 3 2 2 0 1 1 3 1 1 0 3 3 0 3 3 3 2 3 2 3 1 2 1 2 0 0 0 0 3 0 3 3 3 3 1 1 3 2 1 2 0 3 3 3 3 3 3 0 0 2 3 2 1 1 1 3 2 2 2 1 2 1 1 2 3 1 2 3 1 1 1 3 3 2 2 2 1 0 2 2 1 0 3 2 2 3 1 0 1 2 2 2 0 3 1 2 0 3 0 0 3 1 2 2 3 1 1 0 2 2 1 3 2 3 1 0 0 0 2 1 3 3 0 1 0 3 0 2 0 0 3 2 3 3 3 2 3 2 3 1 3 3 0 1 0 2 2 1 2 3 3 1 3 2 3 3 3 1 2 1 3 0 1 2 0 1 3 3 3 3 2 1 1 1 1 3 3 1 1 3 3 2 0 1 0 0 0 0 0 1 0 0 0 1 0 0 0 0 2 0 2 0 3 1 3 1 3 2 0 0 0 0 0 1 2 3 0 1 1 0 2 3 2 1 0 2 1 2 2 2 1 1 2 2 1 3 3 3 3 1 3 1 0 2 1 2 1 3 1 1 3 0 0 1 0 1 3 3 2 2 1 2 3 2 1 2 1 1 1 0 0 0 2 2 2 1 3 3 1 1 2 2 1 1 2 3 1 2 1 0 0 3 2 1 3 2 2 3 0 0 3 3 0 3 0 0 1 0 0 2 3 1 0 0 0 1 2 2 3 2 3 1 0 2 2 3 3 1 1 2 1 1 1 3 2 2 3 2 0 3 3 0 0 0 0 0 0 0 0 2 2 3 3 3 2 3 2 1 3 0 2 1 2 0 0 0 2 3 2 2 2 1 3 3 2 1 2 0 0 3 2 1 2 3 1 0 1 3 3 3 2 2 0 0 0 2 2 3 1 1 3 0 0 3 0 0 3 0 1 3 0 3 0 0 0 0 0 0 0 0 3 2 3 1 2 3 0 3 3 2 0 3 2 1 1 0 1 0 0 0 0 2 3 3 3 1 1 3 1 2 3 0 3 3 3 0 0 1 1 0 3 2 2 3 1 1 3 1 1 3 2 0 2 0 0 2 0 0 0 1 0 1 1 0 0 0 0 0 2 2 3 3 1 3 3 3 1 0 2 3 3 3 0 1 1 1 1 0 0 3 3 3 2 3 2 3 3 2 3 3 3 3 3 2 2 1 3 1 0 1 1 1 0 3 1 0 0 3 3 2 2 2 3 3 1 1 1 2 1 3 2 1 1 2 3 2 2 1 2 2 1 1 2 1 0 0 1 2 1 2 1 1 2 0 0 3 2 3 2 1 1 3 2 3 3 3 0 2 0 3 3 1 1 1 2 2 0 0 0 0 0 1 1 1 3 2 3 2 0 0 3 2 3 1 2 0 3 2 1 2 1 0 1 1 1 2 2 2 2 2 3 3 2 3 2 1 3 3 2 2 2 1 0 1 3 2 1 0 3 2 2 1 1 3 3 3 3 1 0 3 3 3 2 3 3 2 3 0 1 0 1 2 2 1 2 1 2 3 3 3 0 1 2 2 3 1 1 0 3 2 2 1 1 0 0 1 0 0 0 1 1 0 0 0 0 2 0 0 0 3 3 0 0 3 1 2 2 1 0 0 2 2 3 0 3 0 3 2 2 3 3 2 0 2 3 0 0 3 1 0 0 1 2 0 0 3 3 1 1 3 2 3 1 3 3 1 3 3 3 2 3 1 0 1 3 2 1 2 3 3 0 2 0 0 1 0 3 2 0 2 3 1 3 1 1 2 1 1 2 2 1 1 3 2 2 0 0 1 1 0 0 0 2 2 0 0 3 2 2 1 2 3 3 0 0 2 0 0 0 3 3 3 2 0 1 0 1 1 3 

// Exemple with uniform states  --> quick convergence for sure
4 4 0.25 0.25 0.25 0.25 0.25 0.25 0.25 0.25 0.25 0.25 0.25 0.25 0.25 0.25 0.25 0.25 
4 4 0.25 0.25 0.25 0.25 0.25 0.25 0.25 0.25 0.25 0.25 0.25 0.25 0.25 0.25 0.25 0.25 
1 4 0.25 0.25 0.25 0.25
1000 0 3 3 2 1 0 2 3 0 0 2 3 0 0 2 3 0 0 0 0 1 2 2 3 1 3 0 2 3 1 2 3 1 3 3 1 2 0 3 1 2 2 2 1 1 1 0 2 0 3 2 3 2 1 1 2 3 1 2 1 2 1 2 1 1 3 3 1 1 2 3 0 0 1 1 2 3 1 1 0 1 1 1 1 1 3 3 1 1 3 0 0 3 1 3 1 3 3 2 1 3 3 2 3 3 3 1 1 1 1 2 1 3 3 3 0 1 0 0 3 3 2 2 3 3 3 2 1 0 0 3 3 1 0 2 2 2 0 0 2 3 1 1 1 2 2 3 3 1 1 0 0 1 2 0 0 2 0 1 1 0 0 0 0 3 3 1 2 0 0 2 3 2 2 0 1 1 3 1 1 0 3 3 0 3 3 3 2 3 2 3 1 2 1 2 0 0 0 0 3 0 3 3 3 3 1 1 3 2 1 2 0 3 3 3 3 3 3 0 0 2 3 2 1 1 1 3 2 2 2 1 2 1 1 2 3 1 2 3 1 1 1 3 3 2 2 2 1 0 2 2 1 0 3 2 2 3 1 0 1 2 2 2 0 3 1 2 0 3 0 0 3 1 2 2 3 1 1 0 2 2 1 3 2 3 1 0 0 0 2 1 3 3 0 1 0 3 0 2 0 0 3 2 3 3 3 2 3 2 3 1 3 3 0 1 0 2 2 1 2 3 3 1 3 2 3 3 3 1 2 1 3 0 1 2 0 1 3 3 3 3 2 1 1 1 1 3 3 1 1 3 3 2 0 1 0 0 0 0 0 1 0 0 0 1 0 0 0 0 2 0 2 0 3 1 3 1 3 2 0 0 0 0 0 1 2 3 0 1 1 0 2 3 2 1 0 2 1 2 2 2 1 1 2 2 1 3 3 3 3 1 3 1 0 2 1 2 1 3 1 1 3 0 0 1 0 1 3 3 2 2 1 2 3 2 1 2 1 1 1 0 0 0 2 2 2 1 3 3 1 1 2 2 1 1 2 3 1 2 1 0 0 3 2 1 3 2 2 3 0 0 3 3 0 3 0 0 1 0 0 2 3 1 0 0 0 1 2 2 3 2 3 1 0 2 2 3 3 1 1 2 1 1 1 3 2 2 3 2 0 3 3 0 0 0 0 0 0 0 0 2 2 3 3 3 2 3 2 1 3 0 2 1 2 0 0 0 2 3 2 2 2 1 3 3 2 1 2 0 0 3 2 1 2 3 1 0 1 3 3 3 2 2 0 0 0 2 2 3 1 1 3 0 0 3 0 0 3 0 1 3 0 3 0 0 0 0 0 0 0 0 3 2 3 1 2 3 0 3 3 2 0 3 2 1 1 0 1 0 0 0 0 2 3 3 3 1 1 3 1 2 3 0 3 3 3 0 0 1 1 0 3 2 2 3 1 1 3 1 1 3 2 0 2 0 0 2 0 0 0 1 0 1 1 0 0 0 0 0 2 2 3 3 1 3 3 3 1 0 2 3 3 3 0 1 1 1 1 0 0 3 3 3 2 3 2 3 3 2 3 3 3 3 3 2 2 1 3 1 0 1 1 1 0 3 1 0 0 3 3 2 2 2 3 3 1 1 1 2 1 3 2 1 1 2 3 2 2 1 2 2 1 1 2 1 0 0 1 2 1 2 1 1 2 0 0 3 2 3 2 1 1 3 2 3 3 3 0 2 0 3 3 1 1 1 2 2 0 0 0 0 0 1 1 1 3 2 3 2 0 0 3 2 3 1 2 0 3 2 1 2 1 0 1 1 1 2 2 2 2 2 3 3 2 3 2 1 3 3 2 2 2 1 0 1 3 2 1 0 3 2 2 1 1 3 3 3 3 1 0 3 3 3 2 3 3 2 3 0 1 0 1 2 2 1 2 1 2 3 3 3 0 1 2 2 3 1 1 0 3 2 2 1 1 0 0 1 0 0 0 1 1 0 0 0 0 2 0 0 0 3 3 0 0 3 1 2 2 1 0 0 2 2 3 0 3 0 3 2 2 3 3 2 0 2 3 0 0 3 1 0 0 1 2 0 0 3 3 1 1 3 2 3 1 3 3 1 3 3 3 2 3 1 0 1 3 2 1 2 3 3 0 2 0 0 1 0 3 2 0 2 3 1 3 1 1 2 1 1 2 2 1 1 3 2 2 0 0 1 1 0 0 0 2 2 0 0 3 2 2 1 2 3 3 0 0 2 0 0 0 3 3 3 2 0 1 0 1 1 3 

// Exemple with Diagonal Matrix A -> 1 iteration result -> same matrice , 2 iterations result -> erreur on computation (nan -> not an number)
3 3 1 0 0 0 1 0 0 0 1
3 4 0.5 0.2 0.11 0.19 0.22 0.28 0.23 0.27 0.01 0.39 0.15 0.45
1 3 0 0 1
10 0 3 3 2 1 0 2 3 0 0 2 3 0 0 2 3 0 0 0 0 1 2 2 3 1 3 0 2 3 1 2 3 1 3 3 1 2 0 3 1 2 2 2 1 1 1 0 2 0 3 2 3 2 1 1 2 3 1 2 1 2 1 2 1 1 3 3 1 1 2 3 0 0 1 1 2 3 1 1 0 1 1 1 1 1 3 3 1 1 3 0 0 3 1 3 1 3 3 2 1 3 3 2 3 3 3 1 1 1 1 2 1 3 3 3 0 1 0 0 3 3 2 2 3 3 3 2 1 0 0 3 3 1 0 2 2 2 0 0 2 3 1 1 1 2 2 3 3 1 1 0 0 1 2 0 0 2 0 1 1 0 0 0 0 3 3 1 2 0 0 2 3 2 2 0 1 1 3 1 1 0 3 3 0 3 3 3 2 3 2 3 1 2 1 2 0 0 0 0 3 0 3 3 3 3 1 1 3 2 1 2 0 3 3 3 3 3 3 0 0 2 3 2 1 1 1 3 2 2 2 1 2 1 1 2 3 1 2 3 1 1 1 3 3 2 2 2 1 0 2 2 1 0 3 2 2 3 1 0 1 2 2 2 0 3 1 2 0 3 0 0 3 1 2 2 3 1 1 0 2 2 1 3 2 3 1 0 0 0 2 1 3 3 0 1 0 3 0 2 0 0 3 2 3 3 3 2 3 2 3 1 3 3 0 1 0 2 2 1 2 3 3 1 3 2 3 3 3 1 2 1 3 0 1 2 0 1 3 3 3 3 2 1 1 1 1 3 3 1 1 3 3 2 0 1 0 0 0 0 0 1 0 0 0 1 0 0 0 0 2 0 2 0 3 1 3 1 3 2 0 0 0 0 0 1 2 3 0 1 1 0 2 3 2 1 0 2 1 2 2 2 1 1 2 2 1 3 3 3 3 1 3 1 0 2 1 2 1 3 1 1 3 0 0 1 0 1 3 3 2 2 1 2 3 2 1 2 1 1 1 0 0 0 2 2 2 1 3 3 1 1 2 2 1 1 2 3 1 2 1 0 0 3 2 1 3 2 2 3 0 0 3 3 0 3 0 0 1 0 0 2 3 1 0 0 0 1 2 2 3 2 3 1 0 2 2 3 3 1 1 2 1 1 1 3 2 2 3 2 0 3 3 0 0 0 0 0 0 0 0 2 2 3 3 3 2 3 2 1 3 0 2 1 2 0 0 0 2 3 2 2 2 1 3 3 2 1 2 0 0 3 2 1 2 3 1 0 1 3 3 3 2 2 0 0 0 2 2 3 1 1 3 0 0 3 0 0 3 0 1 3 0 3 0 0 0 0 0 0 0 0 3 2 3 1 2 3 0 3 3 2 0 3 2 1 1 0 1 0 0 0 0 2 3 3 3 1 1 3 1 2 3 0 3 3 3 0 0 1 1 0 3 2 2 3 1 1 3 1 1 3 2 0 2 0 0 2 0 0 0 1 0 1 1 0 0 0 0 0 2 2 3 3 1 3 3 3 1 0 2 3 3 3 0 1 1 1 1 0 0 3 3 3 2 3 2 3 3 2 3 3 3 3 3 2 2 1 3 1 0 1 1 1 0 3 1 0 0 3 3 2 2 2 3 3 1 1 1 2 1 3 2 1 1 2 3 2 2 1 2 2 1 1 2 1 0 0 1 2 1 2 1 1 2 0 0 3 2 3 2 1 1 3 2 3 3 3 0 2 0 3 3 1 1 1 2 2 0 0 0 0 0 1 1 1 3 2 3 2 0 0 3 2 3 1 2 0 3 2 1 2 1 0 1 1 1 2 2 2 2 2 3 3 2 3 2 1 3 3 2 2 2 1 0 1 3 2 1 0 3 2 2 1 1 3 3 3 3 1 0 3 3 3 2 3 3 2 3 0 1 0 1 2 2 1 2 1 2 3 3 3 0 1 2 2 3 1 1 0 3 2 2 1 1 0 0 1 0 0 0 1 1 0 0 0 0 2 0 0 0 3 3 0 0 3 1 2 2 1 0 0 2 2 3 0 3 0 3 2 2 3 3 2 0 2 3 0 0 3 1 0 0 1 2 0 0 3 3 1 1 3 2 3 1 3 3 1 3 3 3 2 3 1 0 1 3 2 1 2 3 3 0 2 0 0 1 0 3 2 0 2 3 1 3 1 1 2 1 1 2 2 1 1 3 2 2 0 0 1 1 0 0 0 2 2 0 0 3 2 2 1 2 3 3 0 0 2 0 0 0 3 3 3 2 0 1 0 1 1 3 

// Exemple with matrice close to the solution
3 3 0.72 0.01 0.27 0.15 0.85 0.1 0.60 0.15 0.25 
3 4 0.65 0.25 0.09 0.01 0.12 0.45 0.25 0.18 0.02 0.08 0.25 0.65
1 3 0.95 0.05 0.0
1000 0 3 3 2 1 0 2 3 0 0 2 3 0 0 2 3 0 0 0 0 1 2 2 3 1 3 0 2 3 1 2 3 1 3 3 1 2 0 3 1 2 2 2 1 1 1 0 2 0 3 2 3 2 1 1 2 3 1 2 1 2 1 2 1 1 3 3 1 1 2 3 0 0 1 1 2 3 1 1 0 1 1 1 1 1 3 3 1 1 3 0 0 3 1 3 1 3 3 2 1 3 3 2 3 3 3 1 1 1 1 2 1 3 3 3 0 1 0 0 3 3 2 2 3 3 3 2 1 0 0 3 3 1 0 2 2 2 0 0 2 3 1 1 1 2 2 3 3 1 1 0 0 1 2 0 0 2 0 1 1 0 0 0 0 3 3 1 2 0 0 2 3 2 2 0 1 1 3 1 1 0 3 3 0 3 3 3 2 3 2 3 1 2 1 2 0 0 0 0 3 0 3 3 3 3 1 1 3 2 1 2 0 3 3 3 3 3 3 0 0 2 3 2 1 1 1 3 2 2 2 1 2 1 1 2 3 1 2 3 1 1 1 3 3 2 2 2 1 0 2 2 1 0 3 2 2 3 1 0 1 2 2 2 0 3 1 2 0 3 0 0 3 1 2 2 3 1 1 0 2 2 1 3 2 3 1 0 0 0 2 1 3 3 0 1 0 3 0 2 0 0 3 2 3 3 3 2 3 2 3 1 3 3 0 1 0 2 2 1 2 3 3 1 3 2 3 3 3 1 2 1 3 0 1 2 0 1 3 3 3 3 2 1 1 1 1 3 3 1 1 3 3 2 0 1 0 0 0 0 0 1 0 0 0 1 0 0 0 0 2 0 2 0 3 1 3 1 3 2 0 0 0 0 0 1 2 3 0 1 1 0 2 3 2 1 0 2 1 2 2 2 1 1 2 2 1 3 3 3 3 1 3 1 0 2 1 2 1 3 1 1 3 0 0 1 0 1 3 3 2 2 1 2 3 2 1 2 1 1 1 0 0 0 2 2 2 1 3 3 1 1 2 2 1 1 2 3 1 2 1 0 0 3 2 1 3 2 2 3 0 0 3 3 0 3 0 0 1 0 0 2 3 1 0 0 0 1 2 2 3 2 3 1 0 2 2 3 3 1 1 2 1 1 1 3 2 2 3 2 0 3 3 0 0 0 0 0 0 0 0 2 2 3 3 3 2 3 2 1 3 0 2 1 2 0 0 0 2 3 2 2 2 1 3 3 2 1 2 0 0 3 2 1 2 3 1 0 1 3 3 3 2 2 0 0 0 2 2 3 1 1 3 0 0 3 0 0 3 0 1 3 0 3 0 0 0 0 0 0 0 0 3 2 3 1 2 3 0 3 3 2 0 3 2 1 1 0 1 0 0 0 0 2 3 3 3 1 1 3 1 2 3 0 3 3 3 0 0 1 1 0 3 2 2 3 1 1 3 1 1 3 2 0 2 0 0 2 0 0 0 1 0 1 1 0 0 0 0 0 2 2 3 3 1 3 3 3 1 0 2 3 3 3 0 1 1 1 1 0 0 3 3 3 2 3 2 3 3 2 3 3 3 3 3 2 2 1 3 1 0 1 1 1 0 3 1 0 0 3 3 2 2 2 3 3 1 1 1 2 1 3 2 1 1 2 3 2 2 1 2 2 1 1 2 1 0 0 1 2 1 2 1 1 2 0 0 3 2 3 2 1 1 3 2 3 3 3 0 2 0 3 3 1 1 1 2 2 0 0 0 0 0 1 1 1 3 2 3 2 0 0 3 2 3 1 2 0 3 2 1 2 1 0 1 1 1 2 2 2 2 2 3 3 2 3 2 1 3 3 2 2 2 1 0 1 3 2 1 0 3 2 2 1 1 3 3 3 3 1 0 3 3 3 2 3 3 2 3 0 1 0 1 2 2 1 2 1 2 3 3 3 0 1 2 2 3 1 1 0 3 2 2 1 1 0 0 1 0 0 0 1 1 0 0 0 0 2 0 0 0 3 3 0 0 3 1 2 2 1 0 0 2 2 3 0 3 0 3 2 2 3 3 2 0 2 3 0 0 3 1 0 0 1 2 0 0 3 3 1 1 3 2 3 1 3 3 1 3 3 3 2 3 1 0 1 3 2 1 2 3 3 0 2 0 0 1 0 3 2 0 2 3 1 3 1 1 2 1 1 2 2 1 1 3 2 2 0 0 1 1 0 0 0 2 2 0 0 3 2 2 1 2 3 3 0 0 2 0 0 0 3 3 3 2 0 1 0 1 1 3 

